50    6     30    2     8     2     8     5     20    100   200   2     10    15    60    10    0.2   0.8   0.8   100   8     5     20    5     100
N_Order    Seed      Set_0_UB     Set_UB    Proc_UB       Reve_UB    Pena_UB       Due_UB        w     c1    c2         W_0  V_0  base_T  numofrainfall
   M_Machine   Set_0_LB    Set_LB     Proc_LB      Reve_LB      Pena_LB    Due_LB       # particles             end time




8     12    200   12    60    40    60    0.6   1.2   0.5   1.5   1     3     1.1   0.9   1.1   1.05  15    70    0.8   1.2   1.1   1.1   12000 13000 0.9   1.1   2.0   2.1   0.5   0.6   40    60    0.6   1.2   0.8   1.2   40    60    0.6   1.2   0.8   1.2              
8     8     20    8     20    150   200   0.6   1.2   0.5   1.5   20    60    1.1   0.9   1.1   1.05  10    20    0.8   1.2   1.1   1.1   10000 13000 0.8   1.2   1.15  1.4   0.85  0.95  20    25    0.6   1.2   0.5   1.5   20    30    0.5   1.2   0.5   1.5
4     4     4     4     10    40    60    0.6   1.2   0.5   1.5   1     3     1.1   0.9   1.1   1.05  15    70    0.8   1.2   1.1   1.1   12000 13000 0.9   1.1   2.0   2.1   0.5   0.6   40    60    0.6   1.2   0.8   1.2   40    60    0.6   1.2   0.8   1.2              
k     a     l     t    seed  demand                         transdata                           invdata                             buy                                                  initinv                            
